22 2 15 16 1 18 4 17 13 19 21 23 0 5 11 12 7 3 10 24 8 14 20 6 9 
22 2 15 16 1 18 4 17 13 19 21 23 0 5 11 12 7 3 10 24 8 14 20 6 9 
22 2 15 16 1 18 4 17 13 19 21 23 0 5 11 12 7 3 10 24 8 14 20 6 9 
22 2 15 16 1 18 4 17 13 19 21 23 0 5 11 12 7 3 10 24 8 14 20 6 9 
22 2 15 16 1 18 4 17 13 19 21 23 0 5 11 12 7 3 10 24 8 14 20 6 9 
22 2 15 16 1 18 4 17 13 19 21 23 0 5 11 12 7 3 10 24 8 14 20 6 9 
22 2 15 16 1 18 4 17 13 19 21 23 0 5 11 12 7 3 10 24 8 14 20 6 9 
22 2 15 16 1 18 4 17 13 19 21 23 0 5 11 12 7 3 10 24 8 14 20 6 9 
22 2 15 16 1 18 4 17 13 19 21 23 0 5 11 12 7 3 10 24 8 14 20 6 9 
22 2 15 16 1 18 4 17 13 19 21 23 0 5 11 12 7 3 10 24 8 14 20 6 9 
22 2 15 16 1 18 4 17 13 19 21 23 0 5 11 12 7 3 10 24 8 14 20 6 9 
22 2 15 16 1 18 4 17 13 19 21 23 0 5 11 12 7 3 10 24 8 14 20 6 9 
22 2 15 16 1 18 4 17 13 19 21 23 0 5 11 12 7 3 10 24 8 14 20 6 9 
22 2 15 16 1 18 4 17 13 19 21 23 0 5 11 12 7 3 10 24 8 14 20 6 9 
22 2 15 16 1 18 4 17 13 19 21 23 0 5 11 12 7 3 10 24 8 14 20 6 9 
22 2 15 16 1 18 4 17 13 19 21 23 0 5 11 12 7 3 10 24 8 14 20 6 9 
22 2 15 16 1 18 4 17 13 19 21 23 0 5 11 12 7 3 10 24 8 14 20 6 9 
22 2 15 16 1 18 4 17 13 19 21 23 0 5 11 12 7 3 10 24 8 14 20 6 9 
22 2 15 16 1 18 4 17 13 19 21 23 0 5 11 12 7 3 10 24 8 14 20 6 9 
22 2 15 16 1 18 4 17 13 19 21 23 0 5 11 12 7 3 10 24 8 14 20 6 9 
22 2 15 16 1 18 4 14 23 17 13 19 21 0 5 11 12 7 3 10 24 8 6 20 9 
17 4 1 18 19 22 16 24 8 2 21 13 23 0 5 11 12 7 3 10 15 14 20 6 9 
22 15 16 2 0 18 4 8 13 19 21 23 1 5 11 12 7 3 10 24 17 14 20 6 9 
22 15 16 1 18 13 17 12 0 5 21 23 4 8 2 19 11 7 3 10 24 14 20 6 9 
0 18 21 1 13 17 2 16 15 22 19 23 5 11 20 12 7 3 10 24 8 14 4 6 9 
22 2 6 16 1 18 4 21 17 13 19 23 0 5 11 12 7 3 10 24 8 14 20 15 9 
15 22 19 2 6 1 17 20 21 23 0 5 18 16 11 12 7 13 3 10 24 8 14 4 9 
22 21 11 16 1 18 4 17 13 19 2 23 0 5 15 12 7 3 10 24 8 14 20 6 9 
22 2 15 16 1 18 4 17 13 19 21 23 0 5 11 12 7 3 10 24 8 14 20 6 9 
22 2 15 16 1 0 4 17 13 19 21 23 18 5 11 12 7 3 10 24 8 14 20 6 9 
22 16 1 18 4 17 13 19 8 2 0 5 11 21 12 15 23 7 3 10 24 14 20 6 9 
22 15 6 4 18 1 10 12 13 19 21 23 0 2 5 16 11 7 3 17 24 8 14 20 9 
22 15 1 18 4 17 13 19 21 23 14 16 0 5 11 12 7 3 10 24 8 6 2 20 9 
22 19 16 17 13 4 1 18 2 8 0 5 11 21 12 7 3 15 23 10 24 14 20 6 9 
22 2 15 16 1 18 4 17 13 19 21 23 0 5 11 12 7 3 10 24 8 14 20 6 9 
22 2 15 16 13 17 4 1 19 21 23 0 5 18 11 12 7 3 10 24 8 14 20 6 9 
22 21 13 2 6 17 1 15 16 18 4 19 23 0 5 11 12 7 3 10 24 8 14 20 9 
22 15 1 16 18 4 23 13 10 5 2 0 17 21 19 11 12 7 3 24 8 14 20 6 9 
22 6 15 16 1 18 4 17 13 19 21 23 0 5 2 11 12 7 3 10 24 8 14 20 9 
22 2 16 1 23 11 4 17 13 19 21 5 15 18 0 12 7 3 10 24 8 14 20 6 9 
22 20 16 1 18 4 17 13 19 21 3 23 0 2 5 11 12 7 10 24 8 14 15 6 9 
22 2 15 16 1 18 4 17 13 19 21 23 0 5 11 12 7 3 10 24 8 14 20 6 9 
22 1 18 4 17 19 13 23 15 14 21 16 0 5 11 12 7 3 10 24 8 6 2 20 9 
15 16 1 18 4 17 13 2 19 21 6 23 5 0 22 11 12 3 10 24 8 14 20 7 9 
22 2 15 16 1 18 4 17 13 19 21 23 0 5 11 12 7 3 10 24 8 14 20 6 9 
22 18 1 13 4 17 2 16 15 8 19 11 21 10 6 23 0 5 12 7 3 24 14 20 9 
16 18 7 1 2 15 4 17 13 19 21 23 0 5 11 12 20 22 3 10 24 8 6 14 9 
22 17 15 16 1 18 4 10 13 19 21 23 0 5 11 12 7 3 2 24 8 14 20 6 9 
2 16 1 18 4 17 24 13 15 22 21 6 0 19 23 5 11 7 3 10 8 14 20 12 9 
2 15 16 1 3 4 13 21 18 14 10 23 0 5 11 12 7 22 17 24 19 8 20 6 9 
22 2 15 20 1 18 4 17 13 19 21 23 0 5 11 12 7 3 10 24 8 14 16 6 9 
7 1 13 21 18 4 17 24 16 12 3 8 0 19 23 5 11 22 15 10 2 14 20 6 9 
2 18 12 1 22 4 23 13 10 5 15 17 19 21 14 0 11 16 7 3 24 8 20 6 9 
19 13 15 22 1 18 16 6 4 2 21 23 0 5 11 12 7 3 10 17 24 8 14 20 9 
22 18 15 16 1 2 13 19 21 3 0 4 17 5 11 12 7 23 10 24 8 14 20 6 9 
2 7 15 16 1 21 4 17 13 19 18 23 0 5 22 11 12 3 10 24 8 14 20 6 9 
22 18 16 1 15 14 0 17 13 19 21 23 2 5 11 12 7 3 10 24 8 4 20 6 9 
22 19 15 16 13 6 4 1 2 21 18 23 0 5 11 12 7 3 10 24 8 14 17 20 9 
2 16 1 13 18 15 4 17 19 21 22 11 8 10 6 23 0 5 12 7 3 24 14 20 9 
22 2 16 1 18 4 13 19 10 5 15 0 17 21 23 11 12 7 3 24 8 14 20 6 9 
22 2 24 16 1 18 4 8 17 19 21 23 0 5 11 12 7 3 13 10 15 14 20 6 9 
15 2 16 4 10 1 22 19 6 17 11 20 21 23 0 5 13 12 7 3 18 24 8 14 9 
15 13 1 18 4 21 17 16 19 12 14 23 0 8 2 5 11 7 3 10 24 22 20 6 9 
22 2 1 18 4 6 23 16 5 10 15 0 17 21 19 11 12 7 3 14 24 8 20 13 9 
16 1 2 15 20 18 4 19 13 23 21 17 0 5 11 12 7 3 10 22 24 8 6 14 9 
22 2 15 16 1 18 4 13 19 21 23 0 5 12 11 17 7 3 14 24 10 8 20 6 9 
20 2 16 4 18 1 13 19 21 23 0 5 17 14 11 12 7 3 10 24 8 15 22 6 9 
22 21 15 16 1 8 4 17 13 19 2 23 0 5 11 12 7 3 10 24 18 14 20 6 9 
22 2 10 16 1 18 4 19 13 17 21 23 0 5 11 12 15 7 3 14 24 8 20 6 9 
22 2 15 16 1 18 4 17 13 19 21 23 0 5 11 12 7 3 10 24 8 14 20 6 9 
22 2 15 16 1 18 4 17 13 19 21 23 0 5 11 12 7 3 10 24 8 14 20 6 9 
22 2 15 16 1 18 4 17 13 19 21 0 23 3 5 11 12 7 10 24 8 14 20 6 9 
16 18 13 19 7 17 4 11 1 2 21 23 0 5 15 20 12 22 3 10 24 8 14 6 9 
22 2 15 16 1 18 4 17 13 19 21 23 0 5 11 12 7 3 10 24 8 14 20 6 9 
22 17 15 13 6 4 1 2 5 23 0 21 18 16 19 11 12 7 3 10 24 8 14 20 9 
1 4 15 22 3 18 16 17 13 19 21 23 0 2 5 11 12 7 10 24 8 14 20 6 9 
4 18 16 1 13 14 21 2 17 15 19 23 0 5 11 12 7 3 10 24 8 22 20 6 9 
15 16 22 18 4 13 21 2 6 1 17 23 0 5 11 12 19 7 3 10 24 8 14 20 9 
22 2 15 16 19 18 4 17 13 1 21 23 0 5 11 12 7 3 10 24 8 14 20 6 9 
22 2 15 16 1 18 4 17 0 21 23 13 5 11 12 7 3 10 6 24 19 8 14 20 9 
2 15 16 21 18 4 22 23 17 13 19 1 0 5 11 12 7 3 10 24 14 8 20 6 9 
22 2 15 16 1 18 20 17 13 19 21 23 0 5 11 12 7 3 10 24 8 14 4 6 9 
22 2 15 16 24 18 4 17 13 19 21 23 0 5 11 12 7 3 10 1 8 14 20 6 9 
22 2 15 16 1 18 4 17 13 19 21 23 0 5 11 12 7 3 10 24 8 14 20 6 9 
15 2 18 16 1 22 4 17 13 19 21 23 0 5 11 12 7 3 10 24 8 14 20 6 9 
22 2 15 16 1 18 4 17 13 19 21 23 0 5 11 12 7 3 10 24 8 14 20 6 9 
22 2 1 15 16 18 4 17 3 13 19 21 23 0 5 11 12 7 10 24 8 14 20 6 9 
22 2 15 16 1 18 8 17 13 19 21 23 0 5 11 12 7 3 10 24 4 14 20 6 9 
22 2 15 16 1 18 4 20 13 19 21 23 0 5 11 12 7 8 3 10 24 14 17 6 9 
22 2 15 16 1 21 4 17 13 19 18 23 0 5 11 12 7 3 10 24 8 14 20 6 9 
22 2 15 16 23 18 4 17 13 19 21 1 0 5 11 12 7 3 10 24 8 14 20 6 9 
21 16 6 18 1 22 4 17 13 19 15 10 14 23 0 5 11 12 7 20 2 3 24 8 9 
22 13 16 7 17 20 18 2 19 21 23 0 14 5 11 4 10 15 12 1 3 24 8 6 9 
22 2 19 16 1 18 4 17 13 23 21 15 0 5 11 12 7 3 10 24 8 14 20 6 9 
22 2 15 16 1 18 4 17 13 19 21 23 20 8 0 5 11 12 7 3 10 24 14 6 9 
22 2 15 16 1 18 4 17 13 19 11 23 0 5 21 12 7 3 10 24 8 14 20 6 9 
18 16 1 15 4 17 13 19 21 2 22 23 0 5 11 12 7 3 10 24 8 14 20 6 9 
14 23 15 16 1 19 4 17 13 18 22 21 0 5 11 12 7 3 10 24 8 6 2 20 9 
22 2 15 16 1 18 13 17 19 23 3 4 21 0 5 11 14 12 7 10 24 8 20 6 9 
2 16 1 18 23 22 4 17 13 19 21 10 5 15 0 11 12 7 3 14 24 8 20 6 9 
